 th: [40, 100, 81, 221, 65, 44, 34, 100, 136, 37, 56, 46, 236, 160, 16, 118, 120, 49, 58, 99, 122, 65, 23, 17, 28, 68, 68, 98, 21, 36, 37, 13, 40, 151, 33, 146, 24, 57, 58, 12, 132, 76, 45, 5, 203, 181, 38, 130, 52, 48, 54, 115, 17, 47, 54, 22, 33, 25, 251, 164, 76, 70, 114, 22, 11, 22, 50, 254, 84, 138, 149, 22, 164, 39, 229, 15, 29, 41, 206, 23, 32, 167, 53, 112, 50, 111, 30, 10, 38, 12, 5, 167, 190, 60, 247, 180, 18, 14, 63, 163, 12, 26, 29, 80, 18, 54, 168, 184, 6, 41, 24, 117, 204, 172, 40, 134, 15, 12, 222, 54, 21, 43, 57, 15, 35, 102, 124, 11, 55, 50, 14, 180, 12, 120, 216, 124, 10, 70, 120, 105, 24, 11, 11, 43, 18, 15, 59, 65, 24, 155, 8, 198, 72, 58, 32, 29, 38, 74, 84, 32, 83, 55, 71, 60, 43, 144, 50, 119, 65, 29, 43, 18, 12, 12, 39, 145, 33, 60, 16, 37, 150, 31, 8, 28, 10, 90, 144, 62, 35, 22, 76, 163, 82, 127, 25, 102, 121, 167, 19, 189, 149, 76, 31, 14, 74, 41, 226, 95, 141, 14, 21, 21, 114, 168, 60, 34, 90, 74, 106, 38, 25, 25, 101, 220, 212, 171, 77, 42, 25, 28, 184, 120, 80, 32, 61, 34, 88, 18, 29, 12, 26, 23, 22, 23, 34, 86, 135, 44, 73, 92, 181, 99, 119, 20, 148, 31, 43, 64, 139, 190, 130, 51, 35, 74, 44, 45, 104, 95, 25, 13, 27, 26, 154, 16, 15, 176, 123, 51, 5, 47, 28, 113, 95, 97, 35, 96, 11, 22, 16, 28, 107, 47, 12, 131, 39, 203, 13, 100, 22, 64, 31, 134, 74, 89, 12, 137, 116, 55, 48, 60, 17, 56, 222, 189, 25, 14, 6, 38, 28, 12, 138, 9, 172, 57, 174, 19, 149, 56, 69, 19, 45, 62, 44, 39, 249, 46, 23, 73, 29, 27, 8, 6, 167, 67, 31, 66, 150, 82, 68, 62, 67, 23, 84, 37, 78, 39, 30, 14, 75, 32, 92, 46, 8, 39, 38, 249, 169, 84, 40, 16, 45, 80, 147, 62, 100, 105, 68, 69, 60, 27, 30, 13, 36, 105, 66, 222, 34, 50, 160, 125, 96, 54, 9, 6, 16, 99, 58, 46, 21, 43, 31, 65, 35, 149, 52, 125, 11, 29, 68, 19, 53, 22, 23, 31, 9, 56, 19, 61, 217, 102, 53, 203, 41, 58, 89, 100, 167, 22, 96, 31, 165, 153, 50, 53, 17, 15, 15, 15, 15, 38, 91, 16, 33, 48, 42, 45, 35, 174, 195, 10, 66, 21, 26, 73, 11, 82, 50, 15, 31, 58, 203, 61, 13, 9, 171, 21, 8, 212, 113, 6, 74, 54, 6, 51, 52, 26, 13, 31, 44, 82, 70, 25, 28, 113, 154, 52, 8, 187, 38, 78, 77, 69, 10, 11, 15, 54, 39, 94, 44, 20, 31, 72, 32, 23, 41, 20, 52, 122, 13, 113, 190, 76, 11, 6, 61, 125, 75, 18, 38, 41, 136, 29, 43, 131, 39, 88, 16, 25, 38, 21, 32, 83, 232, 43, 44, 8, 236, 101, 208, 27, 133, 93, 13, 110, 76, 87, 101, 16, 102, 105, 117, 65, 16, 31, 65, 20, 110, 54, 66, 57, 135, 59, 62, 87, 165, 60, 110, 21, 57, 31, 63, 43, 198, 74, 104, 155, 39, 39, 226, 113, 35]
he : [142, 12, 78, 236, 247]
 yo: [430, 50, 139, 100, 82, 119, 205, 27, 42, 17]
hat: [211, 124, 221, 139, 217, 90, 10, 17, 28]
 a : [56, 53, 93, 154, 17]
re : [44, 53, 110, 27]
 to: [9, 68, 22]
is : [47, 181, 143, 74, 3, 3, 229]
ll : [14, 93, 181, 107, 128]
n't: [201, 168, 91, 146]
nd : [315, 18, 141, 126]
t t: [2106, 48, 58, 143, 85, 112, 239, 12, 5, 145, 228, 36, 46, 109, 37, 150, 77, 81, 9, 206, 37, 121, 14, 37, 29, 179, 106, 84, 245, 119, 22]
 co: [164, 71, 240, 167]
ut : [1166, 185, 68, 237, 158, 97]
 wa: [52, 85, 180]
ave: [747, 127, 209, 40, 67, 134, 138, 46, 218, 18]
 he: [697, 37, 6]
 ou: [1349, 65, 72, 97, 108, 51, 95, 25, 219, 70, 135, 48]

Wh: [2629, 90, 22, 193, 138, 46]
You : [704, 105, 207, 43, 173, 181]
ed : [1059, 159, 221]
'm : [567, 189, 215, 187, 25]
s, : [517, 14, 34, 19]
ome: [1088, 165, 23, 11, 205, 248, 219, 42]
t w: [1274, 148, 227]
ke : [335, 235, 254]
n t: [820, 166, 80]
t th: [4497, 48, 58, 112, 239, 12, 5, 109, 37, 150, 77, 90, 206, 179, 36, 75, 188, 184, 35, 209]
ell: [244, 15, 15]
hey: [3487, 191, 58, 27]
ly : [2271, 252, 156]
s!
: [1764, 125, 11]
at': [737, 191, 63, 166]
th : [2360, 132, 32, 36]
was: [1276, 180, 54]
ill: [1768, 108, 58, 47]
ers: [4037, 33, 97, 162, 77, 125, 206, 98]
e n: [2212, 35, 23, 99]
!
I: [4081, 219, 56, 192, 89, 30, 43, 68, 115, 138, 161, 68, 32, 127]
t, : [2704, 214, 74, 135, 81, 231, 110, 144, 101, 250]
flo: [4980, 162, 70]
ter: [2788, 202, 82]
owe: [4982, 97, 26, 162]

It: [85, 251, 39]
, w: [2460, 50, 55, 137]
t. : [2485, 147, 29]
 fr: [4052, 23, 199, 43]
 de: [3251, 195, 67, 14]
eat: [3253, 37, 82]
?
W: [3257, 66, 18, 238]
e go: [1842, 47, 18]
 su: [3264, 103, 50, 52]
Oh,: [4764, 45, 252, 171, 221, 14, 8]
d to: [6235, 206, 89, 227, 114]
e l: [1926, 168, 59]
 sa: [3056, 19, 23]
er.: [5775, 221, 40]
They: [3907, 17, 29, 188, 235, 45, 14, 215]
nes: [1984, 17, 9]
 It: [5214, 164, 115, 163, 49, 191]
is t: [9521, 11, 11, 11, 11]
. I : [10576, 77, 251, 132, 10]
wan: [5809, 156, 64, 52, 44, 29, 220]
inki: [5696, 25, 14]
ure: [2322, 107, 180]
om : [5005, 23, 35]
g be: [16781, 25, 14, 14, 14]
o.
: [1845, 197, 25, 12]
All: [6337, 144, 51]
dow: [7096, 34, 40, 11, 23, 11, 21, 220]
eal: [7813, 19, 161]
 ki: [7710, 165, 25, 58, 254]
wers: [8683, 97, 162, 125, 98]
to s: [10190, 227, 37]
, i: [2931, 247, 112]
 si: [4992, 78, 102, 40, 252, 254, 100]

Al: [7317, 51, 214, 112]
on t: [2840, 80, 247]
bee!: [12643, 42, 14, 14, 14, 14, 14, 163, 14, 14, 75]
u w: [4464, 151, 101]
sn': [4929, 253, 191, 45]
, p: [6408, 206, 160]
e! : [7537, 11, 14, 14, 252, 191, 103]
a f: [9615, 209, 148, 13]
ness: [11845, 17, 9, 219]
ut.: [3752, 84, 126]
hem: [3891, 18, 39]
rs : [8048, 36, 119]
ee.: [10159, 28, 143, 14, 14]
Mr.: [27024, 87, 115, 73, 61, 60, 54]
ke t: [4390, 23, 22]
nna: [1872, 119, 102, 32]
I k: [12432, 62, 181, 22]
t e: [2660, 254, 192]
nly: [3426, 94, 143, 21]
g, : [6396, 20, 9]
?!
: [10005, 132, 37]
.
No: [9604, 171, 4]
e wi: [10496, 40, 217, 9]
e an: [11467, 55, 119]
pol: [4310, 46, 162, 19]
I s: [7292, 207, 7, 14, 184]
tak: [7799, 106, 31]
urt: [9819, 40, 30]
is.: [10670, 82, 241]
wou: [3520, 17, 249]
ou.: [7783, 104, 22, 11]
kil: [10827, 58, 47]
nam: [15998, 244, 108, 159, 44, 252]
urn: [17805, 108, 216, 141]
m s: [6272, 56, 98, 114, 11]
rry : [13882, 136, 156]
umb: [7202, 121, 37]
Ken: [10473, 40, 223]
mok: [21977, 61, 18, 25, 18, 25, 45, 26, 38, 159, 81]
, be: [7475, 98, 185]
over: [9072, 24, 28, 7, 14]
e!
T: [9513, 84, 191]
I wa: [12792, 160, 82]
o l: [6490, 23, 21]
o. : [10639, 9, 172]
w d: [12970, 217, 208, 21]
ap : [21815, 20, 20, 20, 20, 20]
 We : [6645, 16, 134]
hank: [7881, 189, 91, 11]
tter: [11227, 13, 53]
Ros: [8866, 252, 7]
ace: [11730, 84, 36]
on?: [13833, 63, 121]
oke: [13916, 61, 18, 25, 18, 240]
rde: [23240, 45, 7, 7, 21, 7]
on!
: [12270, 103, 19]
May: [5100, 8, 240]
ope: [6118, 148, 18, 53]
ros: [7658, 11, 193]
nig: [11887, 146, 30]
No.: [12274, 9, 25, 4]
tea: [19416, 19, 17]
 sn: [38087, 20, 20, 20, 20, 20, 20, 20]
 che: [8470, 17, 20, 14, 16, 32]
r ho: [16180, 174, 59]
m o: [4800, 25, 35]
ani: [5727, 16, 49]
nny: [5853, 38, 18, 22]
s v: [8819, 50, 70]
eek: [11875, 81, 90, 10, 26]
 La: [23870, 235, 97]
cas: [24582, 213, 119]
 Mr: [27490, 73, 60]
nap: [45699, 20, 20, 20, 20, 20, 20, 20, 20]
ees.: [3556, 15, 164]
s, b: [5065, 7, 185]
en a: [24358, 221, 47]
lane: [40808, 218, 146]
l a: [6466, 53, 72]
lig: [7748, 180, 106]
ut!: [8604, 95, 25, 10]
 id: [29584, 69, 40]
ead : [7012, 43, 23]
 she: [12367, 208, 125, 231]
mel: [9594, 63, 38]
rk.: [15102, 83, 18, 88]
rni: [16695, 21, 15]

Mo: [20956, 124, 67]
osq: [21324, 55, 66, 79, 60, 28]
ito: [21328, 55, 66, 79, 60]
Ord: [30161, 45, 7, 7, 7]
ctio: [3589, 220, 103]
e bl: [10264, 147, 14]
ater: [13826, 63, 175]
ve y: [15277, 57, 128, 19]
 ide: [32774, 69, 40]
Fre: [10255, 15, 15, 15, 15]
Bea: [24880, 13, 14, 26]
ono: [26873, 50, 154]
rop: [28783, 50, 12]
aren: [14141, 18, 78]
ee! : [16851, 14, 14, 191, 103]
ion!: [33739, 220, 103, 19]
rms: [20184, 27, 123]
ung: [23893, 54, 47]
r H: [27193, 50, 154]
ull : [15160, 210, 237]
kee: [20358, 26, 169]
shu: [37543, 34, 115]
offe: [13277, 86, 52]
anic: [19321, 16, 49]
s! F: [36823, 15, 15, 15]
hut : [38270, 11, 23, 11]
rop : [46102, 50, 12]
wer!: [46761, 54, 65]
gun: [36263, 45, 26]
dem: [37488, 37, 127]
eyc: [47920, 23, 33]
oke.: [35223, 18, 25]
 pea: [41676, 72, 9]
op i: [47241, 50, 12]
